8653
7404
8284
8287
246126
6192
100049587
5616
107985736
105377225
1668
7544
1667
728358
64595
100873962
9086
286554
266727
3934
4317
1088
105377110
100131395
100287029
2352
650623
107985558
154664
10562
3505
7288
110091776
3045
107987401
28775
820
10321
101928001
100287290
107984459
106480429
101927861
54055
28573
107986485
671
105377498
105377781
107985486
105375130
107984673
107984275
101928669
5555
28816
5197
28439
107987192
3135
4680
105372272
2812
100462953
102723382
664618
105372801
102724615
26047
1359
387590
284415
6036
107986461
101928214
2815
4493
101928089
105371880
22885
100505881
55365
101927817
2920
105376033
932
101927257
100507195
107985227
101927543
107985980
100874239
105374167
105371354
107984593
107986761
29018
105373089
339855
