8653
7404
8284
8287
246126
5616
9172
81796
9639
6348
4057
3576
4549
3553
389834
3117
1958
102724850
2354
414062
4553
105373826
646652
10398
134187
158401
112268277
105377112
105373117
28959
2272
348645
100131897
4566
105369161
645843
100505658
107985027
105375060
112268100
107984960
107986457
5743
101928512
285740
79842
2624
4572
574406
107984315
107984832
102723444
3495
253128
4568
113219467
4563
107986513
107984770
2215
101927547
4565
4811
101928188
107984292
80215
4555
3
4573
107986963
105371807
144571
107985120
57545
100526833
112267967
2208
28815
64754
3005
93100
100216546
100130872
105371090
140807
105369772
105374810
55365
1475
28908
105375724
644285
3139
107987147
5205
101927999
10301
107984360
100133941
319101
338758
